Murder2013 <- c(7.2, 4.6, 5.4, 5.4, 4.6, 3.4, 2.4, 4.2, 5.0, 5.6, 1.5, 1.7, 5.5, 
                5.4, 1.4, 3.9, 3.8, 10.8, 1.8, 6.4, 2.0, 6.4, 2.1, 6.5, 6.1, 2.2, 
                3.1, 5.8, 1.7, 4.5, 6.0, 3.3, 4.8, 2.2, 3.9, 5.1, 2.0, 4.7, 2.9, 
                6.2, 2.4, 5.0, 4.3, 1.7, 1.6, 3.8, 2.3, 3.3, 2.8, 2.9)
Rape2013 <- c(42.3, 125.4, 46.0, 48.1, 25.3, 55.7, 26.6, 41.0, 34.6, 25.8, 27.4, 
              40.6, 33.1, 32.6, 35.0, 41.3, 36.7, 35.0, 33.7, 25.8, 40.6, 66.6, 
              37.0, 31.1, 37.8, 40.4, 42.9, 50.8, 51.8, 12.6, 70.3, 17.1, 24.1, 
              45.6, 34.9, 56.6, 48.3, 29.5, 41.8, 45.5, 59.1, 36.2, 36.9, 49.0, 
              20.7, 27.4, 36.9, 35.2, 29.4, 32.1)
Assault2013 <- c(285.2, 425.5, 263.9, 330.5, 232.3, 189.1, 135.4, 313.7, 312.3, 
                 209.3, 142.2, 161.0, 204.0, 211.3, 204.6, 248.1, 95.5, 352.8, 
                 68.7, 272.0, 270.5, 274.8, 127.5, 156.5, 298.7, 190.2, 160.5, 
                 360.6, 112.7, 135.6, 449.9, 234.7, 218.4, 199.9, 123.2, 300.8, 
                 142.7, 185.7, 147.4, 373.6, 236.2, 436.9, 246.9, 130.4, 87.1, 
                 109.7, 166.4, 226.7, 161.6, 157.2)